1038
1082
1042
1007
1013
998
972
976
926
939
941
957
929
913
893
964
965
1050
991
996
1034
956
946
899
839
778
775
734
739
730
718
758
774
759
836
832
819
853
902
864
894
890
853
834
859
814
841
859
959
928
774
860
874
922
916
809
894
955
909
903
905
909
878
816
829
723
605
1515
585
536
1355
629
949
991
792
1069
1196
880
933
1200
1061
883
1042
1111
937
808
830
865
905
907
832
922
930
888
962
941
927
925
965
974
882
827
841
825
831
802
879
837
884
908
901
886
915
950
982
934
898
912
890
882
887
835
853
891
878
827
771
772
827
820
1164
1752
468
2014
1919
1919
1258
109
1919
0
1919
1919
1919
0
1535
0
0
1919
259
0
0
1919
1919
930
0
0
0
829
1919
0
0
0
182
0
0
0
383
1919
1279
0
383
539
0
0
0
0
2018
125
1919
0
639
1919
1919
1919
1919
0
1919
1919
0
0
30
1919
1919
1919
1919
20
1919
0
6
49
0
0
1919
0
809
0
0
212
1919
0
0
1919
0
0
0
0
895
1919
0
1919
0
1174
1919
1919
0
0
0
808
1919
1919
1529
0
0
1919
1919
0
1822
620
1964
0
1919
1919
1919
1919
0
364
973
159
102
1919
1279
1919
1151
1418
0
0
1506
0
0
810
1919
1919
0
0
0
1919
1919
1919
1919
1919
0
0
1919
127
0
1919
1919
0
1201
1663
1919
1919
0
1761
1867
0
0
1919
1352
231
0
1919
0
0
1919
1919
603
0
0
0
0
1919
1919
0
1919
0
0
0
1919
1919
34
0
1851
1919
1919
0
0
0
0
0
1919
0
0
1919
1919
0
1614
0
0
0
0
0
0
176
0
0
1919
1919
429
0
1919
0
1919
1152
0
1919
1423
0
0
0
0
0
800
1919
1919
1919
1919
1919
1919
1919
1919
1919
1919
1919
1919
1917
1684
1289
1052
711
472
141
1969
1683
1522
1273
1062
859
714
565
475
361
237
164
55
6
3
0
0
0
0
0
0
0
0
0
0
0
0
0
0
0
0
0
0
0
0
0
0
0
0
0
0
0
0
0
0
0
0
0
0
0
0
0
0
0
0
0
0
0
0
0
0
0
0
0
2
36
93
134
128
187
149
193
154
208
162
152
116
94
141
122
148
153
269
215
257
298
251
248
274
189
183
206
185
169
186
134
206
247
261
242
222
208
246
207
249
264
303
207
172
262
210
179
238
406
313
322
346
269
292
287
315
559
296
46
47
357
315
386
727
545
579
59
56
57
59
618
270
63
316
65
2
688
6
408
8
1827
0
678
892
1678
0
0
0
1086
1285
1677
0
0
366
1540
1919
293
0
0
1156
0
1797
1022
1919
1919
0
1675
1127
0
0
0
0
1919
0
1919
0
0
0
1919
455
0
0
1469
387
0
1593
0
0
1919
37
1407
1919
0
1919
0
1084
0
1919
1919
0
0
0
1919
1427
0
0
0
0
1919
0
0
1919
1073
1919
0
1908
1882
130
0
0
1919
0
1919
0
1919
0
0
1535
0
1919
0
1974
0
1524
814
0
1483
0
1449
1475
0
1535
0
0
388
1919
1919
5
1919
0
0
1919
0
0
0
0
0
629
1919
1919
0
0
0
1919
12
0
1791
0
0
0
0
1791
0
1919
1919
1919
0
1341
1919
0
1919
251
0
0
1919
1919
0
0
1859
1919
1919
0
0
0
0
0
1919
0
83
0
0
0
255
0
184
70
1919
1919
669
924
0
0
0
0
0
1647
1919
1919
674
1919
0
0
1919
0
0
1919
1925
0
0
0
984
2
1811
1440
838
1905
670
152
1219
448
392
0
811
1187
844
808
485
143
225
221
212
138
65
1962
1821
1682
1534
1420
1278
1266
1177
1151
1079
1009
953
874
803
715
587
542
539
461
433
387
391
311
383
431
420
383
345
315
356
339
360
345
364
339
349
366
335
311
295
280
256
254
292
258
293
245
257
271
166
174
117
129
86
86
59
67
132
116
109
128
125
90
173
0
23
0
221
203
232
185
357
319
319
253
324
396
149
322
199
119
112
20
61
5
4
0
0
56
91
11
8
16
6
0
11
0
0
0
0
0
0
0
49
124
64
0
0
0
13
255
157
697
0
1067
641
0
1155
1754
0
1178
77
1052
0
514
1831
0
87
1002
843
0
1504
1977
0
171
1593
0
1289
1043
0
1126
0
434
326
0
1413
0
1942
0
979
1
487
7
740
400
38
1320
9
1207
11
1125
12
538
83
775
1063
19
899
19
1127
21
692
23
900
59
312
1548
433
1550
504
1228
897
298
1194
30
667
31
1000
33
1955
34
2008
657
216
1483
36
1054
38
884
40
1242
349
1130
42
1216
196
1840
1672
1100
277
42
1129
984
1302
491
42
1978
68
1541
1620
97
1650
44
1225
1297
107
1192
47
980
1136
49
1014
153
575
1177
53
408
1122
55
508
434
520
1470
59
845
1696
306
774
1161
1157
61
998
1067
531
64
517
1298
950
66
1519
1977
293
1041
1362
1458
67
1505
1793
231
1269
1746
1028
134
1339
1571
68
1130
1679
365
292
1313
1064
70
1533
1472
75
948
1293
547
73
996
1434
75
877
1401
271
247
1158
957
79
867
1229
81
411
835
441
84
549
677
87
89
301
134
94
368
833
97
98
412
278
102
525
654
105
541
773
108
109
580
372
113
799
856
115
562
1304
117
184
948
950
120
967
1442
121
610
1231
123
471
1078
126
406
995
129
465
918
131
575
1260
133
699
1471
135
977
1208
136
1147
861
310
1582
138
1028
667
150
1447
141
1467
142
1223
288
914
989
144
1492
146
1363
973
689
1691
148
1303
1260
181
1249
148
1035
1241
150
1402
155
1176
1757
151
1267
932
732
1758
302
1217
1209
643
965
1046
1041
1128
1145
1192
1181
933
741
1732
332
1342
1797
846
1316
1328
1310
152
1089
1479
162
388
737
827
156
820
1272
352
578
1030
715
160
854
1028
298
548
772
957
443
292
875
1028
650
169
260
668
405
171
173
244
569
226
177
188
277
530
544
341
350
538
779
664
615
635
557
517
653
618
530
585
568
449
413
446
196
385
344
198
227
389
349
398
349
350
502
491
420
493
526
494
340
425
312
220
294
347
254
260
271
335
364
444
463
466
535
444
480
686
575
545
614
874
702
711
748
802
537
626
621
579
506
436
538
531
442
489
481
394
509
545
450
451
520
461
433
431
508
326
519
454
583
675
252
59
1246
1349
58
60
341
64
65
260
71
267
342
118
129
415
275
100
119
83
83
85
86
134
211
107
94
150
212
241
407
515
516
492
583
600
693
796
813
858
885
857
941
984
1002
986
879
782
690
676
671
681
504
806
777
844
807
1144
0
410
1344
1304
211
551
468
1263
1105
80
795
1414
973
620
946
1143
1125
855
818
840
730
623
399
535
654
644
441
606
726
662
643
769
881
823
795
830
866
818
670
649
656
501
462
442
506
370
391
416
426
535
210
0
1919
1919
1919
1919
1919
895
1919
0
0
0
0
0
439
1919
0
0
0
0
0
1151
0
1919
1919
0
0
985
24
0
1919
0
0
0
1919
0
0
1023
1919
0
0
1919
1919
1919
1919
0
1732
0
0
954
0
0
0
0
0
0
0
0
0
1881
1919
1919
1919
1919
1919
1919
1919
1919
1919
1919
1919
1919
1919
1919
1919
1919
1912
1609
1247
941
571
311
136
1988
1779
1584
1477
1255
1237
1159
1051
828
608
534
322
191
39
2
0
0
0
0
0
0
0
0
0
0
0
6
26
1
11
1
0
0
0
0
0
1
24
28
61
78
57
1
0
0
0
0
0
0
0
0
0
0
0
0
0
6
42
143
107
96
158
253
315
311
375
359
360
547
520
431
457
466
491
515
514
447
449
468
515
507
516
391
454
361
350
105
132
96
29
12
21
54
95
80
111
225
255
280
380
447
469
490
568
