928
787
996
897
945
896
1001
1037
1015
1105
1031
1072
974
1064
1012
1090
936
1033
1104
1163
1080
1090
1105
1035
1128
998
1031
913
1030
916
1031
985
976
998
1069
1123
982
1065
986
1073
988
1045
876
971
924
981
899
938
1004
974
1066
1055
1185
986
1104
1082
977
889
923
884
851
811
804
858
870
924
932
1107
927
1076
1011
1096
992
1087
1028
993
1015
953
959
819
1004
906
922
861
962
913
822
847
833
825
730
864
716
782
711
940
784
919
876
832
823
959
946
840
995
886
966
831
1050
984
1089
1064
1137
1041
990
1113
1027
1017
962
1082
993
1019
955
1110
1047
1099
1073
1092
1260
995
1614
609
778
1633
602
660
832
78
1862
594
1289
1168
1158
1488
1002
601
1695
1320
882
988
2004
1584
715
616
595
662
1615
773
892
1679
1688
637
615
1447
1494
1013
1400
598
1088
1583
1317
611
802
1391
1117
1140
1450
1348
1380
1330
1247
1225
1279
1048
1052
947
988
862
920
972
984
1008
988
1106
1040
1080
1049
1158
938
1012
945
952
911
915
936
937
1037
909
1019
957
1022
905
1048
987
971
960
936
931
1015
1066
934
1100
1013
1056
895
988
932
973
966
887
916
949
992
992
1029
963
1051
1035
1128
1025
1061
977
1073
1068
1079
1079
1063
1088
998
1083
875
1047
926
1027
976
1058
1045
1075
1067
1102
1092
1045
1094
918
1036
929
1013
1017
1068
1048
1127
1147
1095
1176
1137
1162
1035
1174
1114
1150
1094
1112
1115
1167
1170
1104
1160
1059
1085
1003
1072
913
1033
928
1001
952
925
922
950
1033
986
993
959
996
924
1006
962
996
1007
1107
1159
1117
1156
1112
1206
1000
1231
698
1510
342
973
636
1605
1345
1161
1982
1193
648
657
1647
766
841
1120
1150
1155
952
910
1054
1021
664
1086
1150
657
961
1460
646
1128
1254
1601
1538
665
1256
1195
1027
993
1020
1022
1126
1284
1133
1080
978
1183
1137
647
1186
1277
886
956
1160
1196
1180
1175
1186
1184
1256
1205
1187
1104
1242
1138
815
1117
1471
1089
664
1124
1764
807
665
1308
1453
1501
654
974
1062
1519
641
904
1485
1024
1286
1268
1083
1185
1347
655
1180
1514
663
1179
1443
641
1120
647
1148
1384
665
1177
658
1346
1284
1123
1545
669
1663
1110
883
982
1083
984
1071
977
675
1693
672
650
1061
1784
673
1037
1341
1585
754
1396
1283
1057
1110
1135
1107
1128
1235
1084
1200
1113
1165
1070
1146
1204
1232
1157
1115
1059
1102
1122
1068
1116
924
1078
1048
1067
1005
978
908
915
921
806
933
967
867
883
956
947
1070
1113
1076
1118
1134
1261
1214
1179
1220
1205
1222
1219
1116
1148
1121
1108
1172
1227
1226
1260
1213
1246
1252
1274
1278
1268
1223
1163
1130
1132
916
1053
1299
682
675
1065
1293
670
827
1285
882
836
1136
1262
907
903
1218
1361
1056
1022
1258
1166
758
1179
724
647
1052
649
1207
655
826
966
784
860
960
1030
1089
1152
1207
1181
1470
1723
703
1588
1366
663
1364
1353
672
1309
1331
674
1169
1055
1057
1104
1057
1170
1213
1081
1118
1104
1127
675
1523
673
1543
995
1126
1250
900
1327
764
1238
996
1062
1117
984
1095
1065
1058
1052
1086
1122
1077
1138
1381
667
1327
1342
644
1155
648
1418
895
994
1010
963
1160
942
1134
1070
1145
1191
1138
1209
1311
1011
1095
1554
958
1600
1097
1681
1143
1451
1321
1234
1421
1125
1125
895
1156
1129
776
1167
782
1034
1072
635
1397
642
1511
650
1001
1482
633
1369
1038
654
1493
653
1386
1249
641
1523
715
1120
1328
630
1419
1209
652
1298
1119
632
1290
1415
643
1262
1678
648
1381
1312
625
1554
1400
649
1453
1238
639
1226
929
855
1263
627
1370
1689
651
1231
1697
634
1233
1221
641
1208
775
1132
1330
676
1327
1489
629
1595
1534
649
1439
1237
728
1447
653
1142
1468
628
1185
1716
653
1402
1128
1061
1788
649
1472
1281
629
1617
630
1300
1639
652
1409
1054
653
1679
651
1396
1179
645
1688
629
1460
1302
653
1732
649
1343
1494
652
1515
654
1289
1754
630
1110
640
1250
1632
652
1029
1144
962
1428
659
1203
1513
637
1448
644
1299
1359
657
1361
650
1155
1382
665
1349
727
1059
1385
857
1049
1250
1121
948
1064
1062
1054
1045
1068
1066
1127
1146
1103
1131
1161
1099
1124
1062
1003
999
962
900
916
887
889
904
935
937
919
925
938
967
980
933
926
951
983
967
1004
929
990
1048
1066
1018
1025
1013
1049
1055
1113
1073
1024
1041
1062
1122
1100
1099
1175
1199
1201
1266
1187
1134
1205
1132
1121
1080
1123
1089
1151
1118
1107
1073
1211
1170
1129
1203
1168
1161
1049
1164
1110
1099
1155
1113
1125
1171
1168
1141
1172
1171
1152
1138
1132
1111
1077
1052
1095
1095
1051
1047
1026
1051
1039
1006
1033
1054
1146
1092
1115
1043
1401
715
1252
1502
1185
710
850
1007
1139
1670
879
689
967
1196
1191
1314
918
1953
1646
962
697
706
1068
1217
1071
1395
1615
709
688
1344
1295
1783
698
1509
1483
1933
704
1459
1363
1718
703
1316
1486
975
752
1406
1062
1262
1346
701
1393
844
1076
1132
989
972
1024
1044
1119
1021
1115
1148
1078
1024
1043
1076
1039
1077
1141
1152
1085
1094
1145
1227
1124
1145
1137
1135
1124
1134
1085
1088
1105
1072
1106
1107
1085
1177
1199
1190
1175
1204
1183
1182
1236
1142
1239
1249
1269
1224
1171
1188
1227
1135
1134
1151
1177
1115
1120
1109
1085
1098
1001
1049
1095
1069
1099
1167
1086
1102
1187
1190
1178
1202
1215
1225
1225
1150
1160
1125
1179
1118
1166
1100
1127
1195
1155
1122
1101
1130
1108
1108
1095
943
928
972
1003
945
989
985
1094
1093
1155
1163
1184
1176
1235
1279
1239
1248
1268
1265
1235
1272
1254
1340
1263
1264
1289
1268
1180
1197
1288
1201
1200
1193
1207
1197
1216
1183
1203
1213
1243
1271
1281
1311
1321
1161
1316
816
1654
1102
740
896
814
1164
1876
742
1289
1250
1334
1344
721
1644
1215
1116
61
895
740
791
1470
1066
890
1308
1173
727
1197
735
1528
1706
1061
2029
733
1402
773
1446
1020
1149
1176
1089
1074
1001
1110
1081
1019
1234
1160
737
1849
818
764
1604
795
1005
1623
759
1256
1579
752
1190
1433
803
1301
1356
756
1408
1215
837
1517
1229
924
1414
1501
746
1446
1265
770
1412
1896
754
1155
1927
751
1458
1878
762
1181
761
1189
1989
739
1686
745
1378
749
1532
1005
1234
1845
1420
1751
726
1773
729
1353
735
1372
1049
1032
1559
1289
1915
721
1750
720
1328
1526
784
901
1545
1261
728
1412
1697
742
1302
1642
850
742
1380
990
1038
1314
1030
1079
1130
940
1024
1064
1023
1037
1094
1075
1146
1192
1194
1183
1202
1215
1229
1222
1253
1231
1232
1236
1209
1182
1141
1128
1154
1150
1095
1107
1147
1119
1096
1071
1136
1103
1065
1044
1040
1011
1024
997
987
1019
1009
1080
1121
1139
1148
1120
1109
1164
1067
1042
1015
1082
1082
1078
1078
1091
1161
1191
1190
1223
1190
1188
1188
1178
1127
1031
1070
1061
1072
1049
1047
1101
1112
1112
1155
1147
1161
1199
1220
1210
1208
1224
1206
1232
1191
1215
1177
1257
1249
1250
1227
1247
919
1094
0
738
951
2029
1516
1329
752
823
1350
1142
1141
1121
1152
1114
1059
1046
1066
1127
1083
1166
1140
1116
1180
1176
1209
1213
1197
1181
1183
1166
1168
1069
1072
1032
970
989
992
972
1003
1009
993
1093
1055
1022
1127
1227
1044
1588
1393
855
346
870
789
1681
1253
1173
1196
1218
1151
1069
1033
1025
1060
1083
1067
1132
1161
1127
1199
1189
1193
1251
1246
1186
1275
1188
1171
1174
1068
1068
1013
1014
1023
1031
1026
1063
1054
1077
1039
1079
1002
1049
1104
1156
1081
974
812
815
941
774
1988
696
1658
1484
907
1048
1140
1086
978
838
953
964
932
972
969
983
953
1133
1101
1155
1144
1150
1092
938
899
1585
677
1842
1006
676
0
1198
842
1327
1060
1076
948
963
908
995
974
1083
1108
1140
1122
1196
1207
1182
1223
1326
1385
1001
890
1004
669
1980
1792
654
1456
1344
1107
646
1065
1049
1008
987
887
968
994
1019
1058
1119
1082
1109
1197
1199
1150
1159
1172
1167
1197
1158
1226
1163
1126
1116
1049
1014
972
1016
1020
976
935
1021
1082
1041
1080
1104
1066
1076
1091
1057
1037
1030
1037
939
974
955
995
1029
1027
1051
1025
985
1020
1087
1004
974
945
972
953
980
986
977
1028
1103
1100
1054
1110
1061
1084
1045
1026
1059
1040
1040
1045
1067
1022
1041
1145
1121
1097
1121
1135
1123
1084
1068
1081
1113
1060
1047
1098
1019
1001
1101
1148
1125
1190
1232
1262
1196
1269
1242
1267
1039
1029
1553
1007
650
619
462
289
1881
1426
1859
591
625
1781
880
724
858
606
601
789
722
682
1346
888
1116
701
576
854
584
594
1397
1562
1039
1314
972
620
594
564
880
621
733
1429
1468
1320
582
933
798
1014
1081
1088
1040
1021
1168
1040
848
1058
645
1081
1127
1020
1030
878
1111
1098
911
986
1008
979
884
1067
1066
999
1000
1046
957
930
950
914
864
855
895
854
852
802
963
957
944
964
1004
920
947
969
934
900
910
975
921
934
930
1001
1031
998
1021
1095
1016
1039
1077
1001
918
914
967
945
952
933
929
978
998
1033
1014
962
1072
1059
1009
938
970
959
959
984
1008
963
1126
1066
1129
1105
1040
1119
1066
1053
987
964
976
945
956
965
983
945
1003
1003
983
1022
1027
1003
999
980
1040
